4
10 0 0 16 0 14 8 13 0 0 6 0 0 11 0 7 
3 14 8 13 0 15 0 0 0 11 16 0 4 5 6 1 
4 0 0 1 10 0 0 7 3 8 0 15 0 13 14 0 
9 0 0 7 0 5 6 1 0 0 0 2 0 0 0 0 
0 0 3 12 9 4 0 0 6 1 10 13 0 0 0 0 
0 0 0 0 0 2 3 11 5 12 0 0 0 8 0 0 
5 0 1 9 0 0 14 16 11 0 8 3 0 6 0 0 
16 0 0 0 1 6 0 15 0 0 7 0 3 0 5 12 
1 0 5 0 0 0 0 0 9 0 2 4 14 0 0 11 
11 0 12 0 14 8 1 4 0 0 3 0 0 0 0 13 
15 0 13 0 16 0 11 0 0 0 1 0 0 7 0 0 
7 9 16 14 5 0 0 0 0 10 0 0 0 0 0 0 
0 0 0 2 0 16 4 0 0 0 5 10 13 12 0 0 
13 0 14 15 11 9 12 10 1 2 0 6 0 3 8 0 
8 10 11 0 0 0 0 5 16 15 0 0 0 0 2 4 
12 0 9 0 0 0 0 0 7 3 13 11 15 0 10 6 
