5
0 0 0 0 0 0 0 0 0 0 0 0 0 0 0 0 0 0 0 0 25 21 4 7 5 
0 0 0 0 0 0 0 0 0 0 0 0 0 0 0 0 0 0 0 0 14 20 24 13 2 
0 0 0 0 0 0 0 0 0 0 0 0 0 0 0 0 0 0 0 0 6 11 22 18 9 
0 0 0 0 0 0 0 0 0 0 0 0 0 0 0 0 0 0 0 0 15 23 8 17 19 
0 0 0 0 0 0 0 0 0 0 0 0 0 0 0 0 0 0 0 0 16 1 12 10 3 
0 0 0 0 0 0 0 0 0 0 0 0 0 0 0 12 13 18 25 3 0 0 0 0 0 
0 0 0 0 0 0 0 0 0 0 0 0 0 0 0 4 9 16 1 19 0 0 0 0 0 
0 0 0 0 0 0 0 0 0 0 0 0 0 0 0 15 17 10 8 21 0 0 0 0 0 
0 0 0 0 0 0 0 0 0 0 0 0 0 0 0 23 6 5 20 24 0 0 0 0 0 
0 0 0 0 0 0 0 0 0 0 0 0 0 0 0 14 11 7 2 22 0 0 0 0 0 
0 0 0 0 0 0 0 0 0 0 13 11 20 2 18 0 0 0 0 0 0 0 0 0 0 
0 0 0 0 0 0 0 0 0 0 16 19 23 17 12 0 0 0 0 0 0 0 0 0 0 
0 0 0 0 0 0 0 0 0 0 7 21 15 4 22 0 0 0 0 0 0 0 0 0 0 
0 0 0 0 0 0 0 0 0 0 14 9 6 1 8 0 0 0 0 0 0 0 0 0 0 
0 0 0 0 0 0 0 0 0 0 5 3 25 10 24 0 0 0 0 0 0 0 0 0 0 
0 0 0 0 0 6 14 10 22 3 0 0 0 0 0 0 0 0 0 0 0 0 0 0 0 
0 0 0 0 0 12 18 7 21 11 0 0 0 0 0 0 0 0 0 0 0 0 0 0 0 
0 0 0 0 0 8 16 4 15 20 0 0 0 0 0 0 0 0 0 0 0 0 0 0 0 
0 0 0 0 0 25 23 1 9 24 0 0 0 0 0 0 0 0 0 0 0 0 0 0 0 
0 0 0 0 0 13 5 17 19 2 0 0 0 0 0 0 0 0 0 0 0 0 0 0 0 
8 6 12 14 13 0 0 0 0 0 0 0 0 0 0 0 0 0 0 0 0 0 0 0 0 
5 4 15 19 18 0 0 0 0 0 0 0 0 0 0 0 0 0 0 0 0 0 0 0 0 
9 25 10 3 11 0 0 0 0 0 0 0 0 0 0 0 0 0 0 0 0 0 0 0 0 
2 24 17 22 21 0 0 0 0 0 0 0 0 0 0 0 0 0 0 0 0 0 0 0 0 
16 20 7 23 1 0 0 0 0 0 0 0 0 0 0 0 0 0 0 0 0 0 0 0 0 
