5
7 10 9 15 12 0 0 0 0 0 0 0 0 0 0 0 0 0 0 0 0 0 0 0 1 
2 3 24 22 17 0 0 0 0 0 0 0 0 0 0 0 0 0 0 0 0 0 0 0 0 
4 8 23 14 16 0 0 0 0 0 0 0 0 0 0 0 0 0 0 0 0 0 0 0 0 
19 18 1 20 21 0 0 0 0 0 0 0 0 0 0 0 0 0 0 0 0 0 0 0 0 
11 5 6 13 25 0 0 0 0 0 0 0 0 0 0 0 0 0 0 0 0 0 0 0 0 
0 0 0 0 0 12 22 16 13 25 0 0 0 0 0 0 0 0 0 0 0 0 0 0 0 
0 0 0 0 0 11 23 8 3 6 0 0 0 0 0 0 0 0 0 0 0 0 0 0 0 
0 0 0 0 0 2 21 10 14 1 0 0 0 0 0 0 0 0 0 0 0 0 0 0 0 
0 0 0 0 0 4 19 9 17 7 0 0 0 0 0 0 0 0 0 0 0 0 0 0 0 
0 0 0 0 0 5 20 24 15 18 0 0 0 0 0 0 0 0 0 0 0 0 0 0 0 
0 0 0 0 0 0 0 0 0 0 15 5 24 16 10 0 0 0 0 0 0 0 0 0 0 
0 0 0 0 0 0 0 0 0 0 17 6 13 14 2 0 0 0 0 0 0 0 0 0 0 
0 0 0 0 0 0 0 0 0 0 22 21 1 23 12 0 0 0 0 0 0 0 0 0 0 
0 0 0 0 0 0 0 0 0 0 18 19 3 25 20 0 0 0 0 0 0 0 0 0 0 
0 0 0 0 0 0 0 0 0 0 7 9 8 11 4 0 0 0 0 0 0 0 0 0 0 
0 0 0 0 0 0 0 0 0 0 0 0 0 0 0 11 13 19 10 16 0 0 0 0 0 
0 0 0 0 0 0 0 0 0 0 0 0 0 0 0 21 14 20 24 3 0 0 0 0 0 
0 0 0 0 0 0 0 0 0 0 0 0 0 0 0 12 22 1 7 5 0 0 0 0 0 
0 0 0 0 0 0 0 0 0 0 0 0 0 0 0 17 8 6 9 15 0 0 0 0 0 
0 0 0 0 0 0 0 0 0 0 0 0 0 0 0 4 25 23 18 2 0 0 0 0 0 
0 0 0 0 0 0 0 0 0 0 0 0 0 0 0 0 0 0 0 0 1 14 12 16 6 
0 0 0 0 0 0 0 0 0 0 0 0 0 0 0 0 0 0 0 0 7 23 21 3 17 
0 0 0 0 0 0 0 0 0 0 0 0 0 0 0 0 0 0 0 0 10 13 18 2 25 
0 0 0 0 0 0 0 0 0 0 0 0 0 0 0 0 0 0 0 0 19 4 24 22 15 
1 0 0 0 0 0 0 0 0 0 0 0 0 0 0 0 0 0 0 0 9 11 20 8 5 
