4
5 2 9 10 0 0 0 0 0 0 0 0 0 0 0 0 
8 6 3 13 0 0 0 0 0 0 0 0 0 0 0 0 
15 12 11 14 0 0 0 0 0 0 0 0 0 0 0 0 
7 16 1 4 0 0 0 0 0 0 0 0 0 0 0 0 
0 0 0 0 14 8 12 5 0 0 0 0 0 0 0 0 
0 0 0 0 13 7 9 2 0 0 0 0 0 0 0 0 
0 0 0 0 6 4 3 16 0 0 0 0 0 0 0 0 
0 0 0 0 10 15 11 1 0 0 0 0 0 0 0 0 
0 0 0 0 0 0 0 0 10 8 15 5 0 0 0 0 
0 0 0 0 0 0 0 0 4 3 14 6 0 0 0 0 
0 0 0 0 0 0 0 0 2 16 11 13 0 0 0 0 
0 0 0 0 0 0 0 0 1 9 7 12 0 0 0 0 
0 0 0 0 0 0 0 0 0 0 0 0 6 3 11 15 
0 0 0 0 0 0 0 0 0 0 0 0 2 7 16 9 
0 0 0 0 0 0 0 0 0 0 0 0 4 8 14 1 
0 0 0 0 0 0 0 0 0 0 0 0 13 12 10 5 
