4
0 0 0 0 0 0 0 0 0 0 0 0 11 2 13 1 
0 0 0 0 0 0 0 0 0 0 0 0 15 7 9 3 
0 0 0 0 0 0 0 0 0 0 0 0 16 8 6 4 
0 0 0 0 0 0 0 0 0 0 0 0 5 12 10 14 
0 0 0 0 0 0 0 0 3 6 16 12 0 0 0 0 
0 0 0 0 0 0 0 0 1 8 7 15 0 0 0 0 
0 0 0 0 0 0 0 0 13 4 9 14 0 0 0 0 
0 0 0 0 0 0 0 0 2 5 11 10 0 0 0 0 
0 0 0 0 4 9 13 5 0 0 0 0 0 0 0 0 
0 0 0 0 15 3 12 1 0 0 0 0 0 0 0 0 
0 0 0 0 11 14 8 16 0 0 0 0 0 0 0 0 
0 0 0 0 7 2 6 10 0 0 0 0 0 0 0 0 
5 16 12 6 0 0 0 0 0 0 0 0 0 0 0 0 
14 7 11 8 0 0 0 0 0 0 0 0 0 0 0 0 
13 3 10 4 0 0 0 0 0 0 0 0 0 0 0 0 
9 15 2 1 0 0 0 0 0 0 0 0 0 0 0 0 
